2 0.2226256967250822 0.733516576389454 0.052548065976826326 0.05315610070082552
0 0.27253083430391806 0.8047568465482614 0.10447423626350631 0.1309725912903433
7 0.3563318568174899 0.7096625844374403 0.05410274020439188 0.08548831132991562
8 0.4294016527024258 0.7417207261929905 0.03793410451921451 0.06850019944940904
3 0.46951230547341916 0.7570647392038644 0.047262165848979895 0.04767613790225328
5 0.4766638174110937 0.8115909806453258 0.05969957791450097 0.042744105651293614
1 0.4382633076587976 0.8340590374623819 0.03078259486216453 0.048224175622003713
6 0.5533093664140867 0.747748723138909 0.02829511815062162 0.05206018959193567
9 0.6279338427983047 0.7480227384263791 0.09607900592552517 0.13809647433831887
4 0.4557724911528808 0.7890143767218522 0.1293954854477127 0.19750811494714754
