6 0.3304433702222336 0.8571471311513004 0.03561376924028238 0.05741451953524528
5 0.3948480236993518 0.8194479706154715 0.009290543010866249 0.08961525535924517
4 0.3470416582289513 0.7309931290946134 0.1383500382923882 0.157774183638077
1 0.3727049658047959 0.7108078705188315 0.025430291889097047 0.038310744764468954
2 0.3568401309766637 0.7433514396024447 0.05762645067288914 0.06467516264185023
8 0.44406442531202045 0.8275642290195424 0.05368120285666055 0.06523148898708775
0 0.47170060761118954 0.7161054987366103 0.08735952404049727 0.10811859568242724
9 0.5815591623042651 0.6943615179506889 0.08654437247700442 0.22109844868547465
3 0.568066343792004 0.859697784072346 0.06060539570867582 0.06235536292208217
7 0.7383019935798325 0.8147357618347442 0.06644972539079197 0.0943409149020527
