7 0.20183390190595715 0.7319246638857702 0.046800721699476855 0.0793066133809387
6 0.2623561859428348 0.8591311182513263 0.04700406873493765 0.06591291160828659
5 0.3331556080675258 0.8631743331912505 0.06328351536588929 0.02888775755671888
4 0.3534475876043671 0.7433511698045764 0.12863065810032406 0.1741402849897964
1 0.4174189845058022 0.8298110075623636 0.032788198178703494 0.0712022193299406
2 0.48116108111528944 0.7549469598097392 0.062137064779541014 0.04434881089693309
8 0.5004212763987439 0.8330659661603039 0.08598303718191481 0.10456554495882699
9 0.6042887853144965 0.740706515943752 0.11624906626994874 0.12409529654646731
3 0.6539296638261498 0.8540197621345424 0.0380618143686047 0.056961775463951064
0 0.7398227094604175 0.7689389138594589 0.11485832019020165 0.2125344978066542
