0 0.20365768004668117 0.7773243119468036 0.11535055123007024 0.17488102635003436
6 0.2634974608334498 0.8562411958378198 0.04142823494878132 0.05034283995958136
1 0.3099017128291518 0.7683475286234617 0.02869888901479822 0.039614050884990634
7 0.3545701385588855 0.7130529302565788 0.056472020147975394 0.06602338948815153
2 0.3424194170827285 0.8166271654196151 0.04976019338637381 0.09738456631907716
5 0.3965769865069093 0.8298318367678741 0.01087780470722187 0.08913161449122853
8 0.4441384547400809 0.8288002474662305 0.04906583656768337 0.07881540219295369
3 0.5682379908321978 0.8700076597565078 0.0619277428131074 0.06430642265285727
9 0.5919429994591585 0.7108084460102876 0.09005613895131818 0.18644811721061672
4 0.698331734081177 0.8036280396399376 0.15856229499774058 0.19332366673655077
