7 0.17823895857872438 0.8365382176472274 0.06983904298847882 0.09478325593632003
2 0.2150790749495021 0.7309137396266874 0.05901399247782749 0.08425178305450153
0 0.3230056884377137 0.8353935988896691 0.10615539195726324 0.12699717298656524
5 0.37695637277385735 0.7201668955945408 0.023396087981332556 0.06876432293418844
4 0.452208002487699 0.802869932637021 0.15853472670427532 0.20443447358813638
1 0.5615061115519818 0.7251228828330416 0.029332408812416964 0.04026739631281266
8 0.5578395604504286 0.8400398369257615 0.03247516689946147 0.07310081176787654
9 0.6509001180806251 0.8010114374225733 0.14456687456530656 0.1821325310148775
3 0.7685789499539232 0.8638905255110427 0.045395394590645 0.05761335164756332
6 0.7175544368372708 0.7346965909236255 0.040127418320547975 0.05052123467884653
