7 0.20616802577562013 0.7152039855905932 0.05997517258606657 0.07728371766550012
5 0.33248147116941873 0.8614614398475032 0.0652111117397428 0.0361217376045272
4 0.35271118514038663 0.7413357479702236 0.13042224442717149 0.17556827223017885
1 0.41733386921335147 0.8287522484968995 0.03437944276911949 0.06741483324891134
6 0.4688973999899362 0.7011142657886785 0.03792652813418748 0.03467048567086863
2 0.5064146665549075 0.7333771474499353 0.038745051272617764 0.07126724664740451
8 0.5244229285892669 0.8385924194789094 0.08240152155773109 0.07078548028181003
0 0.6309342702368023 0.8512135522181197 0.12833801813338383 0.10007822973045577
3 0.6049421468641305 0.7384061748428506 0.11901111496683674 0.12443932600158657
3 0.7607012179475867 0.8279498508406558 0.029846050728693993 0.057281573046622195
