0 0.20019908296024347 0.7482380891017005 0.09828690684512498 0.15173572411550795
3 0.27525249841491733 0.82857800410219 0.03325723479649594 0.07023628496058654
1 0.2974674872061948 0.755147184695303 0.030301039761735326 0.04427018444662422
7 0.426809232503712 0.7739928672627815 0.06026558870642447 0.0785222018116238
5 0.47558273837754667 0.7405723097589061 0.011777680494738665 0.07529856438105229
3 0.46427616251101667 0.8364254112935696 0.03486192908126466 0.059424886139676586
3 0.5816996396351427 0.8390710521110611 0.032741951775373396 0.06471608444287488
9 0.5948767520971253 0.6943651606417618 0.10630713557226225 0.13949887047894838
4 0.7265859991932314 0.7967931669998763 0.16885883272175195 0.19221014748373558
2 0.3581767692554345 0.7964173237099256 0.025217009935789614 0.09533955528213324
