0 0.18720000032888584 0.8001529800707687 0.07712962986008069 0.15633531480502796
2 0.3085184597740742 0.7202087242466669 0.03213735350954713 0.08456320524264212
4 0.2687484997409864 0.8403027687467534 0.15024209366210414 0.15704611456250486
7 0.37098542151533587 0.734421036905271 0.059855796216334654 0.08456319602489254
6 0.38625065813426696 0.8498960213738243 0.028521889472213218 0.05827046300389099
1 0.4294352090957162 0.8289328785226602 0.024103005187785763 0.04618997811724697
5 0.488848623441951 0.7509557672716851 0.009179188375773834 0.07372702080300043
9 0.5813901694185494 0.7486803535870208 0.13272616664007553 0.15535334249322222
3 0.6842219345281589 0.8314038149481209 0.0362205955188945 0.06363344057401832
8 0.7194501849643449 0.7684286598843996 0.05259428938360031 0.08513713789721077
