2 0.23552561597194505 0.7543569918617332 0.06253609833146218 0.08100477764958197
0 0.25272281612164754 0.8347430348804556 0.10990345380250507 0.14963076919762996
7 0.34911673755880024 0.82345930957911 0.053737403683002526 0.09075947991137609
3 0.4686571765012081 0.8044601701490922 0.029961974032546416 0.047481827186746185
1 0.42076520226020875 0.7666427586444082 0.02194065814981748 0.042439527883302616
8 0.453794150012622 0.7384898045039996 0.04506092157650677 0.04327991457406086
4 0.4560354130167964 0.7905937834992453 0.13117210678815575 0.20295336080884027
5 0.550706501558176 0.8262901841231413 0.06437205403909096 0.023282666668979744
9 0.6199755820385343 0.7499561788968175 0.11049292140991057 0.16157549984348638
6 0.6284749000958308 0.8719353390356035 0.04968474136450816 0.045346846081191376
