0 0.17529656059676063 0.8093858559234353 0.10235443727472834 0.21344101978311322
4 0.2838275263633872 0.7803282020234968 0.11353101572287994 0.1891384538418494
2 0.3597109506536819 0.8166730628963077 0.025294474044330783 0.1003807436590823
7 0.42382950113814855 0.7823322821708324 0.05117719167108795 0.06551164323013779
1 0.3994173924674571 0.8494288845113768 0.03529461494557801 0.05388860975382301
5 0.4764598284612774 0.7580925022473108 0.011846711770714134 0.08112919760892275
6 0.4662790642245473 0.8575090189893914 0.03442949819204671 0.060514401495179865
3 0.6561966187677735 0.8588390456028016 0.03739117545587876 0.05918433511440893
9 0.6156586571459958 0.7085505364179834 0.12068835664731083 0.2014929188043442
8 0.7431958883928378 0.7890147229294984 0.04849746519524862 0.07647419062460592
