7 0.2001676044597631 0.7450887275016087 0.06364743692730024 0.07945683397701353
6 0.2838504948421931 0.8729721438142106 0.04189621270556693 0.06071954289327794
4 0.3197180882504156 0.754650568707453 0.1352047164196414 0.147293043079494
5 0.3468112715598866 0.8338364641949702 0.06117734069401138 0.029656305780496838
0 0.4555023912299192 0.7234415695044997 0.11566567478490625 0.1513801691207449
8 0.4173911931926169 0.8530987467193354 0.06204463682592951 0.08790083824464688
3 0.5078548769562973 0.8112594831007043 0.031673136281768134 0.05719312182730306
1 0.4915844222802617 0.8594322057618144 0.029503727473859466 0.0468292525992535
9 0.5872934060615992 0.7368375671416117 0.08870768892040125 0.14921659515502733
2 0.7243885545320865 0.7944027488735742 0.04644561035807513 0.08073784743542674
