7 0.20925159968514187 0.71160384431933 0.05045783254819028 0.07982011375433756
5 0.33136803475975357 0.8648434023288365 0.06317829453512899 0.041416096759326136
9 0.35702096099085057 0.7375830322865435 0.11194007637018592 0.14081472898170833
1 0.41850319937028374 0.8271924052749035 0.033073201166040594 0.07756105393110194
0 0.4880417248988821 0.8174031460408812 0.11787628107896551 0.16189928733191125
2 0.5035182869829908 0.7379595422570836 0.05300192494557795 0.07228991434355188
6 0.4679009934195624 0.7040736449085435 0.03519327816386379 0.031626837525303556
4 0.6093101291743644 0.7692098698118471 0.14586129745023066 0.19503216473937202
8 0.7195541330611668 0.8113789865122514 0.050881847947755014 0.08659729322404482
3 0.7591972710909966 0.8302422782205521 0.027953111831215124 0.04770852655637384
