1 0.11920479302832244 0.3251801801801802 0.04314270152505447 0.058729729729729674
3 0.123458605664488 0.40596396396396395 0.06145969498910674 0.06617117117117122
6 0.19265795206971678 0.32273873873873876 0.045163398692810434 0.0509009009009009
1 0.25070806100217863 0.48262162162162164 0.044014161220043604 0.0557927927927928
8 0.3474945533769063 0.5114684684684685 0.14084967320261435 0.039756756756756856
2 0.5084204793028323 0.37517117117117116 0.08644335511982573 0.1454324324324324
6 0.5553812636165577 0.5022522522522522 0.06846405228758172 0.08693693693693694
4 0.6799564270152506 0.38934234234234233 0.1499891067538127 0.13544144144144146
7 0.6645315904139433 0.5097207207207207 0.0848148148148147 0.11147747747747748
1 0.7397331154684096 0.4803873873873874 0.05956427015250552 0.047639639639639686
6 0.8125816993464052 0.5025495495495496 0.03452069716775605 0.0669009009009009
0 0.8562690631808278 0.38244144144144143 0.1410620915032681 0.1857747747747748
