3 0.16907255864702675 0.5333090246125798 0.07384069830878343 0.0541567912488606
0 0.2540261865793781 0.43661804922515957 0.1325913802509547 0.2497721057429353
1 0.33659574468085107 0.48835916134913404 0.04568466993998909 0.08565177757520513
6 0.48527550463720676 0.49610756608933454 0.06734860883797056 0.08505013673655419
7 0.5471631205673759 0.4569006381039198 0.06772504091653027 0.14116681859617145
6 0.6071194762684123 0.3489061075660893 0.04761047463175122 0.058268003646308075
4 0.6603000545553737 0.4780765724703738 0.14784506273867976 0.20108477666362806
1 0.7278068739770867 0.3460255241567912 0.04304964539007084 0.06567000911577026
0 0.8075122749590835 0.4504010938924338 0.10356792144026195 0.2422515952597994
1 0.8558701582105838 0.4731358249772106 0.033993453355155454 0.05373746581586148
