8 0.06333333333333334 0.8065476190476191 0.12666666666666668 0.3869047619047619
8 0.11935 0.16321428571428573 0.17203333333333334 0.32642857142857146
8 0.03978333333333334 0.43547619047619046 0.07956666666666667 0.41857142857142854
8 0.31183333333333335 0.17952380952380953 0.19033333333333333 0.35904761904761906
8 0.48205000000000003 0.17663690476190477 0.17743333333333333 0.35327380952380955
8 0.6437666666666666 0.17473214285714286 0.1742 0.3494642857142857
8 0.7853833333333333 0.1730059523809524 0.17743333333333333 0.3341071428571429
8 0.9233333333333333 0.17857142857142858 0.15333333333333332 0.35714285714285715
8 0.17161666666666667 0.4938690476190476 0.20323333333333332 0.48773809523809525
8 0.35441666666666666 0.4898214285714285 0.16883333333333334 0.491547619047619
8 0.5089166666666667 0.4834821428571428 0.1645 0.4550595238095238
8 0.6690333333333334 0.5038392857142858 0.15806666666666666 0.48386904761904764
8 0.82065 0.47178571428571425 0.1613 0.44357142857142856
8 0.9533333333333334 0.4791666666666667 0.09333333333333334 0.48214285714285715
8 0.2228 0.802797619047619 0.1656 0.3913095238095238
8 0.38301666666666667 0.7914880952380953 0.18603333333333333 0.4163095238095238
8 0.5438666666666666 0.7966666666666666 0.16773333333333335 0.4028571428571429
8 0.6986 0.7914880952380953 0.18386666666666665 0.4163095238095238
8 0.8576333333333334 0.7966666666666666 0.17526666666666665 0.4028571428571429
