4 0.3203177540100697 0.7592966107698348 0.1336549209084965 0.14825799905746578
2 0.27906925413693334 0.781538730426635 0.044169125680952506 0.08661120219851433
6 0.2940695565547122 0.8542851500145396 0.046737047196475784 0.05612213424779356
5 0.38309956361517 0.825061209333648 0.03873903309275402 0.07858349458970462
1 0.35630322404069886 0.7692686956862406 0.029652073593113174 0.04332711593594514
8 0.429476904641226 0.8348965330598048 0.05834763284178192 0.07263663553967271
0 0.45159640814952245 0.7197823328770483 0.11167355550926067 0.08962766139690576
3 0.5413895972871046 0.8610202353152998 0.0545215745870286 0.07306141118610236
9 0.5933346382985127 0.7039826221584944 0.08682092666950184 0.2186245699953556
7 0.657040574282989 0.8343888627471325 0.06614926868735034 0.09603663281449772
