2 0.2218696756151254 0.7331201919619268 0.05454616252208105 0.05564668135815757
7 0.31292658538659857 0.7049049497020559 0.06158438614800403 0.0775918792848937
0 0.27157708026555016 0.8095363120816534 0.10557321081135511 0.1348063691080137
1 0.31974485429028227 0.7699567519827064 0.03035229976182557 0.03683659500685964
3 0.34833760742170095 0.8173740016113775 0.036510743216316685 0.04702539080864398
4 0.4251521989780883 0.7990398354623658 0.11041202595268401 0.1810476146689601
5 0.4899717622873826 0.753859749768987 0.008925761573184145 0.08017119676722896
8 0.5399443133789736 0.8657440318229932 0.04258286059361034 0.089805992915809
6 0.5758825818497758 0.7700607146371431 0.028967936712765336 0.05161264843412496
9 0.7042105414873263 0.7682542924213732 0.0996497022919129 0.14812826004709015
