0 0.24470754884498205 0.7458369285019469 0.16456687336261067 0.1465864716350807
1 0.31062432933313483 0.7847900531792888 0.03486018932162973 0.050183690008739464
8 0.25717177913686295 0.8655880933751701 0.051676576807402765 0.08846475736198232
2 0.35769888707694775 0.8134442323284736 0.022608507535337594 0.09637623972768822
7 0.42653372175657234 0.7900693873643315 0.06096221827264395 0.08127252206954658
6 0.464887436195378 0.8544401097653281 0.03189414455877973 0.06041498478542048
5 0.47465690305980474 0.756932331361707 0.013075806037176743 0.08007408306532864
3 0.5801022443681966 0.857763671202648 0.03296190053664187 0.06357394277908292
9 0.6016228258614514 0.7361965837689908 0.11250633947563139 0.11647142812313797
4 0.7607766940628119 0.8250587054370367 0.1887958929569679 0.21656781997513647
