7 0.20182834887396925 0.7504736455638437 0.06273249343061865 0.07490412265593753
4 0.3286217828717315 0.7398931028961258 0.1315774150218137 0.13951627175144035
6 0.272484245802687 0.8548224665401208 0.04954259014594307 0.06404019592418475
5 0.3231527956478285 0.86940304276313 0.06208907373050947 0.06575557377031244
1 0.4064744268892601 0.8491045830340315 0.04471702498176751 0.07090166215233676
2 0.4877049783198032 0.738177811599686 0.034744154128323636 0.08691166974005422
8 0.4988038006137813 0.846817458983232 0.055011586808319066 0.07661948544994543
3 0.5726351328557056 0.8671158923711192 0.035387564389959325 0.052032671418247245
9 0.6149393575582478 0.7581903248473624 0.11742237274850148 0.16010058764923904
0 0.743299704754555 0.7730568324996725 0.11677896248686565 0.21613571204502663
