2 0.23549888731037505 0.7514432031855159 0.061706395410010384 0.07327130775127515
7 0.2808680179884128 0.8239517350542193 0.0549587131269571 0.08064481096820014
3 0.7690319303685834 0.8651245117219617 0.04432156579825786 0.057721895818715015
8 0.5371318741558141 0.8223706969258774 0.03457675451436911 0.06574713657037168
4 0.46306201564488236 0.796862374295136 0.14448529060604004 0.20755951201017647
0 0.41587917953232056 0.8153197496950836 0.13782874017519528 0.12328213360906046
1 0.46169162016549775 0.7453212092916908 0.028975343212329262 0.04179063627497159
5 0.5092657783424892 0.7655195185607693 0.013704543549159622 0.07800909786994106
9 0.6509725637542002 0.8032181251757774 0.1469064752617101 0.18362944118557906
6 0.7167334798961362 0.7347848719237416 0.03952294880333612 0.053183408114885485
