1 0.11916080129940444 0.3333452914798206 0.05977801840822958 0.059820627802690624
3 0.1302328099621007 0.4130582959641256 0.06376827287493234 0.06787443946188336
6 0.2036166756903086 0.33161434977578474 0.053649160801299424 0.05034080717488789
1 0.2577206280454791 0.4905829596412556 0.046399566865186814 0.054475336322869966
1 0.36027612344342175 0.37447533632287 0.29206280454791556 0.1651390134529148
0 0.42788846778559825 0.36509417040358744 0.16451001624255546 0.240457399103139
8 0.5542663779101246 0.416304932735426 0.07180292365998911 0.0664663677130045
6 0.48773145641580945 0.5223766816143498 0.06825121819166212 0.07597309417040363
7 0.5787168381158636 0.5125291479820628 0.07712506767731453 0.08835874439461881
2 0.4739685977260422 0.43649327354260087 0.09640498105035189 0.14280717488789235
1 0.6793719545208445 0.5402511210762332 0.04603140227395776 0.0846457399103138
6 0.8165240931239848 0.5117668161434977 0.034677855982674706 0.06677130044843053
4 0.9071250676773146 0.5004932735426009 0.11299404439631826 0.17455605381165923
