1 0.06903556034482758 0.49957142857142856 0.022629310344827586 0.02570535714285711
3 0.14105603448275864 0.3215267857142857 0.04766702586206898 0.04276785714285712
1 0.2285668103448276 0.32120535714285714 0.03883620689655175 0.06456249999999995
1 0.28271551724137933 0.3083125 0.03810883620689656 0.05177678571428572
6 0.20001616379310347 0.46866964285714285 0.05799030172413793 0.06427678571428572
7 0.283917025862069 0.411125 0.07764008620689654 0.09866071428571434
1 0.2513846982758621 0.48411607142857144 0.04586745689655172 0.05569642857142862
8 0.35141702586206897 0.5071160714285714 0.12067887931034484 0.07134821428571436
4 0.40609375000000003 0.37244642857142857 0.1866594827586207 0.18915178571428568
6 0.5637068965517241 0.5019821428571429 0.06950431034482758 0.08148214285714285
6 0.653771551724138 0.5224821428571428 0.05519935344827576 0.04300000000000007
2 0.727478448275862 0.34449107142857144 0.08045258620689665 0.10249107142857139
1 0.7170959051724138 0.5237232142857143 0.017478448275862098 0.02640178571428566
0 0.8493803879310345 0.38721428571428573 0.14261314655172416 0.18052678571428565
