4 0.10955507325013566 0.48106100795755974 0.20665219750406946 0.17971706454465075
1 0.12301682040151926 0.3537577365163572 0.05619641888225719 0.0643236074270557
7 0.2404395008138904 0.3380990274093722 0.12551817688551276 0.09004420866489835
1 0.25194791101465003 0.48883289124668433 0.04326098752034727 0.05420866489832002
6 0.3517417254476397 0.5063837312113174 0.05361909929462829 0.07723253757736508
2 0.3567173087357569 0.4287533156498674 0.10531741725447635 0.10117595048629527
6 0.34637547476939773 0.3376923076923077 0.03189907759088441 0.050786914235190043
3 0.39819316332067284 0.3662599469496021 0.030857297883884912 0.052316534040671936
6 0.5581172002170374 0.5355172413793103 0.05500271296798692 0.046887709991158245
1 0.6727780792186653 0.5256498673740053 0.06142702116115032 0.06354553492484517
0 0.852685838307108 0.4401679929266136 0.1698263700488333 0.22525198938992047
