3 0.14571505376344085 0.3332067137809187 0.04831720430107527 0.04390459363957601
1 0.07588172043010752 0.5109805653710247 0.026086021505376342 0.02885159010600714
1 0.23266666666666666 0.332791519434629 0.04001075268817202 0.0692226148409894
1 0.2696236559139785 0.32516784452296815 0.032161290322580645 0.05759717314487636
2 0.2733225806451613 0.43075971731448764 0.0878440860215054 0.1371289752650177
6 0.20503225806451614 0.4820671378091873 0.05599462365591397 0.062084805653710225
1 0.25551612903225807 0.4966961130742049 0.04290860215053761 0.055282685512367424
8 0.3511505376344086 0.5263780918727915 0.1403279569892473 0.0398056537102473
6 0.5699354838709677 0.5131890459363957 0.07136021505376346 0.08196113074204944
6 0.6604516129032258 0.5322703180212014 0.05592473118279569 0.045282685512367485
1 0.7205268817204301 0.5366519434628976 0.018564516129032364 0.03150176678445237
4 0.6910860215053763 0.4182155477031802 0.20389784946236558 0.20129858657243815
0 0.8545376344086022 0.39594522968197876 0.13950537634408602 0.18290636042402833
7 0.8524516129032258 0.5169787985865725 0.07222043010752684 0.09584805653710247
