3 0.16533187054306087 0.532027027027027 0.07506856829402085 0.05154054054054057
0 0.25144816236972023 0.43721621621621626 0.13179923203510696 0.2486576576576577
1 0.3351563357103675 0.4874414414414414 0.04585847504114093 0.08719819819819817
6 0.4832967635765222 0.4947387387387387 0.07089413055403182 0.08467567567567569
7 0.5486450905101481 0.45734234234234233 0.06821173889193638 0.14081981981981978
4 0.6619583104772353 0.47283783783783784 0.14207350521119033 0.2048558558558559
6 0.6085792649478882 0.33886486486486483 0.034574876577070875 0.05072072072072068
1 0.7291991223258365 0.3453693693693694 0.041080636313768445 0.06495495495495497
0 0.8079374657158529 0.44944144144144144 0.10094349972572682 0.23637837837837833
1 0.8573998902907295 0.47355855855855855 0.03592978606692265 0.05821621621621627
