2 0.12943102522812666 0.47409574468085103 0.05703703703703703 0.09621453900709218
1 0.2523886205045625 0.4742996453900709 0.04407944176060118 0.06247340425531917
6 0.3770101986044015 0.503218085106383 0.07011272141706931 0.0826152482269504
3 0.4291572732152442 0.3427482269503546 0.03391304347826091 0.05848404255319151
6 0.5355555555555556 0.33118794326241136 0.047020933977455666 0.038909574468085094
4 0.46168008588298437 0.4860017730496454 0.20449812130971545 0.23899822695035453
1 0.594777241009125 0.3632446808510638 0.03994632313472897 0.06296985815602835
1 0.5933440687063876 0.49328900709219853 0.052775093934514315 0.07571808510638305
7 0.7724369296833065 0.3463918439716312 0.06792807300053687 0.08109042553191492
0 0.721207729468599 0.4686879432624113 0.20081052066559318 0.19965425531914896
