0 0.13125617114646188 0.4601890189018902 0.18641799232035106 0.19450945094509448
1 0.1270543060888645 0.35936093609360936 0.057021393307734515 0.05527452745274525
7 0.23145913329676357 0.3571107110711071 0.05884805266044979 0.14067506750675066
1 0.25752605595172795 0.49839783978397845 0.04629731212287437 0.05490549054905491
6 0.3593417443773999 0.5169126912691269 0.07041140976412501 0.07695769576957696
1 0.4099451453647833 0.4965076507650765 0.03762479429511789 0.05862286228622852
3 0.40478332419089413 0.3765436543654365 0.03490400438837088 0.060918091809180876
6 0.5382391662095447 0.4331863186318632 0.05070213933077342 0.06058505850585054
4 0.7587602852441031 0.5326102610261026 0.1698573779484367 0.2681728172817282
2 0.8854086670323642 0.45517551755175517 0.07995611629182678 0.1457695769576957
