8 0.5077519379844961 0.8598971722365039 0.2248062015503876 0.15681233933161953
8 0.8255813953488372 0.8598971722365039 0.2248062015503876 0.15681233933161953
8 0.1821705426356589 0.8611825192802056 0.24031007751937986 0.15938303341902313
8 0.12015503875968993 0.6015424164524421 0.17829457364341086 0.11825192802056556
8 0.5038759689922481 0.2416452442159383 0.09302325581395349 0.05141388174807198
8 0.3953488372093023 0.2442159383033419 0.09302325581395349 0.056555269922879174
8 0.15503875968992248 0.2493573264781491 0.10852713178294573 0.07197943444730077
8 0.8488372093023255 0.602827763496144 0.20930232558139536 0.12082262210796915
8 0.3643410852713178 0.602827763496144 0.18604651162790697 0.12082262210796915
8 0.27906976744186046 0.2467866323907455 0.10852713178294573 0.056555269922879174
