6 0.04150390625 0.158203125 0.0830078125 0.2565104166666667
6 0.09912109375 0.1640625 0.0732421875 0.2513020833333333
6 0.162109375 0.20052083333333334 0.0439453125 0.1875
6 0.18994140625 0.059895833333333336 0.0390625 0.11979166666666667
6 0.21142578125 0.20247395833333334 0.0478515625 0.19661458333333334
6 0.30419921875 0.4029947916666667 0.10546875 0.4270833333333333
6 0.3515625 0.3391927083333333 0.072265625 0.3645833333333333
6 0.357421875 0.23763020833333334 0.0400390625 0.16015625
6 0.3974609375 0.23502604166666666 0.03125 0.15494791666666666
6 0.421875 0.21875 0.0517578125 0.15625
