6 0.1875 0.8126566416040101 0.357421875 0.05137844611528822
6 0.189453125 0.7023809523809523 0.361328125 0.046365914786967416
6 0.1923828125 0.7506265664160401 0.359375 0.045112781954887216
6 0.19482421875 0.8715538847117794 0.3583984375 0.02882205513784461
6 0.20068359375 0.9667919799498746 0.3564453125 0.05639097744360902
6 0.18798828125 0.5350877192982456 0.3193359375 0.05263157894736842
6 0.18798828125 0.6159147869674185 0.3017578125 0.046365914786967416
6 0.39501953125 0.6961152882205514 0.0361328125 0.39974937343358397
6 0.43359375 0.6929824561403509 0.029296875 0.40350877192982454
6 0.4716796875 0.6979949874686717 0.029296875 0.45112781954887216
6 0.5126953125 0.6948621553884712 0.03125 0.4323308270676692
6 0.56982421875 0.6791979949874687 0.0419921875 0.38095238095238093
6 0.642578125 0.6986215538847118 0.044921875 0.4398496240601504
