3 0.14293668122270742 0.3254397098821396 0.047259825327510926 0.04434270172257477
1 0.07086244541484715 0.5041251133272892 0.020054585152838433 0.02734360834088856
6 0.20415393013100436 0.4744696282864914 0.05653930131004369 0.06710788757932909
1 0.25522379912663756 0.490534904805077 0.04217794759825327 0.056854034451495956
8 0.35204148471615726 0.518204895738894 0.1397434497816594 0.03983680870353586
2 0.4950927947598253 0.3687579329102448 0.09064956331877726 0.139637352674524
6 0.5724727074235808 0.506572982774252 0.06976528384279473 0.08657298277425204
6 0.6647980349344979 0.5297461468721668 0.05793122270742364 0.044832275611967405
4 0.6974890829694322 0.40935630099728015 0.18723799126637553 0.20351767905711696
1 0.7263973799126637 0.52909338168631 0.016850436681222648 0.029374433363554026
7 0.8601091703056769 0.512438803263826 0.0764301310043668 0.09751586582048953
0 0.8607860262008734 0.3889120580235721 0.1393340611353713 0.1878059836808704
