0 0.13023484434735116 0.4685433422698838 0.20049153468050246 0.19741733690795354
1 0.25644456581103225 0.49124218051831997 0.044669579464773325 0.05677390527256477
4 0.26889131622064444 0.3790974084003575 0.15610595303113056 0.19619302949061665
6 0.35803386127799014 0.5103395889186775 0.07194975423265976 0.07532618409294009
3 0.4105516111414528 0.37048257372654153 0.04327143637356637 0.06244861483467381
1 0.4182304751501911 0.455656836461126 0.044882577826324446 0.0565236818588025
1 0.4456417258328782 0.5065862377122431 0.07332605133806662 0.048373547810545224
1 0.5272474057891863 0.4780607685433423 0.04189513926815949 0.0788471849865952
6 0.5322446750409612 0.37892761394101876 0.04780447842708901 0.035576407506702365
2 0.7384161660294921 0.5333065236818588 0.0854068814855271 0.04663092046470068
7 0.8061714909885308 0.36597855227882037 0.061343528126706806 0.1106702412868633
