2 0.13585379159847247 0.49069809610154125 0.05775777414075288 0.09447869446962832
1 0.26084015275504635 0.4910516772438803 0.04464266230223676 0.05896645512239344
6 0.3879323513366067 0.5220126926563916 0.07297326786688488 0.08666364460562095
3 0.44151118385160937 0.35738893925657295 0.034986361156573983 0.05504079782411608
6 0.5489852700490998 0.34097008159564823 0.05036006546644842 0.038730734360834115
1 0.60746863066012 0.5086219401631913 0.05436442989634484 0.08029918404351762
4 0.474468085106383 0.5044333635539437 0.2085815602836879 0.24699909338168635
1 0.6087124931805783 0.37849501359927473 0.04339334424440806 0.06514959202175885
7 0.7920294599018003 0.3607524932003627 0.07058374249863618 0.0831640979147779
0 0.7389798145117293 0.48281958295557564 0.20618657937806878 0.2008431550317316
