1 0.12370370370370369 0.32890265486725667 0.04341384863123992 0.05764601769911503
3 0.12829844337090715 0.4070353982300885 0.06174986580783683 0.06431858407079642
6 0.2007997852925389 0.3233008849557522 0.05312399355877618 0.048584070796460155
1 0.25369296833064947 0.48142477876106193 0.04451422436929687 0.0561238938053098
1 0.34679549114331726 0.43103539823008846 0.050601180891035956 0.05284955752212387
8 0.38690284487385934 0.503283185840708 0.07832528180354272 0.0917610619469027
6 0.48421363392377886 0.5126017699115044 0.07040257648953306 0.07786725663716815
7 0.5710735373054214 0.5041592920353982 0.0758400429414922 0.09106194690265494
2 0.4850456253354804 0.41981415929203536 0.09589908749329043 0.14334513274336286
6 0.8077777777777778 0.5023008849557522 0.033886205045625395 0.06672566371681424
4 0.8772571121846484 0.4886371681415929 0.10950080515297907 0.1712654867256637
0 0.3557165861513688 0.3665663716814159 0.2882984433709071 0.16156637168141588
