6 0.0742054054054054 0.4856345634563456 0.0422918918918919 0.0593519351935194
3 0.1280108108108108 0.407965796579658 0.06208648648648649 0.06622862286228627
1 0.1262 0.34695769576957697 0.05571891891891891 0.0594059405940594
1 0.25398918918918917 0.4835733573357336 0.04236216216216217 0.05674167416741671
6 0.3496216216216216 0.32888388838883886 0.03191351351351349 0.05202520252025199
4 0.25204324324324323 0.3645094509450945 0.09471891891891893 0.16058505850585056
0 0.36405405405405405 0.44194419441944194 0.2085081081081081 0.2773807380738074
6 0.48336216216216216 0.5132493249324933 0.062005405405405424 0.06279027902790278
2 0.5162648648648649 0.3448514851485148 0.04364864864864865 0.1761116111611161
7 0.5724594594594594 0.5068766876687668 0.07690810810810815 0.08964896489648956
1 0.6752648648648649 0.5342394239423942 0.04651351351351361 0.0819081908190819
