3 0.13382513661202183 0.4132249322493225 0.06344808743169399 0.06309846431797653
1 0.13352459016393442 0.35046070460704604 0.061775956284153014 0.0623938572719061
1 0.26284699453551913 0.48697380307136406 0.04389617486338797 0.060271002710027125
6 0.2063934426229508 0.32750677506775067 0.05489071038251368 0.05253839205058714
0 0.37135519125683064 0.3722854561878952 0.30610928961748635 0.16054200542005423
2 0.5166612021857924 0.3802619692863595 0.07237704918032789 0.10879855465221314
6 0.49420765027322405 0.5186901535682024 0.060978142076502685 0.061273712737127305
7 0.5836502732240437 0.5118518518518519 0.07660109289617484 0.08892502258355922
1 0.6871311475409836 0.537795844625113 0.04744808743169395 0.08190605239385734
6 0.8258961748633881 0.5101716350496838 0.03821311475409827 0.07293586269196026
4 0.9108907103825137 0.5027009936766035 0.10001639344262306 0.18298102981029804
