8 0.051236363636363635 0.7892076502732241 0.10247272727272727 0.4090163934426229
8 0.1988909090909091 0.7637158469945354 0.14323636363636363 0.33617486338797814
8 0.4586181818181818 0.609207650273224 0.19723636363636365 0.36595628415300546
8 0.2603818181818182 0.48816939890710387 0.14985454545454546 0.309672131147541
8 0.1633090909090909 0.21874316939890712 0.15207272727272728 0.30633879781420764
8 0.3988909090909091 0.20333333333333334 0.1796 0.286448087431694
8 0.7734363636363636 0.4936338797814208 0.14323636363636363 0.309672131147541
8 0.6220363636363636 0.5456284153005464 0.1895272727272727 0.3808743169398907
8 0.9378 0.45538251366120225 0.12287272727272727 0.2550273224043716
8 0.8428727272727272 0.4954371584699453 0.13665454545454545 0.3460655737704918
